0 1 2 0.01938 0.05917 0.0528 0.062985 0.254431 0.018857143
0 1 5 0.05403 0.22304 0.0492 0.1755975 0.959072 0.017571429
0 2 5 0.05695 0.17388 0.0342 0.1850875 0.747684 0.012214286
0 2 4 0.05811 0.17632 0.0374 0.1888575 0.758176 0.013357143
0 2 3 0.04699 0.19797 0.0438 0.1527175 0.851271 0.015642857
0 3 4 0.06701 0.17103 0.0346 0.2177825 0.735429 0.012357143
2 5 6 0 0.25202 0 0 1.083686 0
0 4 5 0.01335 0.04211 0.0128 0.0433875 0.181073 0.004571429
2 4 9 0 0.55618 0 0 2.391574 0
0 7 9 0.05252 0.20912 0.0422 0.17069 0.899216 0.015071429
0 7 8 0.01212 0.17615 0.0242 0.03939 0.757445 0.008642857
2 4 7 0 0.11001 0 0 0.473043 0
0 9 10 0.03181 0.0845 0 0.1033825 0.36335 0
0 9 14 0.12711 0.27038 0 0.4131075 1.162634 0
0 10 11 0.08205 0.19207 0 0.2666625 0.825901 0
0 6 11 0.09498 0.1989 0 0.308685 0.85527 0
0 6 12 0.12291 0.25581 0 0.3994575 1.099983 0
0 6 13 0.06615 0.13027 0 0.2149875 0.560161 0
0 12 13 0.22092 0.19988 0 0.71799 0.859484 0
0 13 14 0.17093 0.34802 0 0.5555225 1.496486 0
-9 0 0 0 0 0 0 0 0

|Type | From | To | R1=R2 | X1=X2 | B1=B2 | R0 | X0 |  B0 |




0 1 2 0 0.1 0 0 0.3 0
0 1 3 0 0.1 0 0 0.3 0
0 2 3 0 0.1 0 0 0.3 0
-9 0 0 0 0 0 0 0 0

for testing





